1251349661165719552
1008242850343972864
970132357847113728
1039062325645328384
4605077532
1292347863398150144
1266721986249551872
1298061149678706688
1321092569628028928
1217414728760188928
2207333779
1234143435365310464
1340501333481320448
1261571304760569856
1011420724932669440
1140905007882969088
1264423397548855296
1155874873199083520
1211874392692547584
1211526046119428096
1178574207770230784
780451286797856768
1046364358748438528
1305167631587057664
2331136454
1263118721599418368
1081966248416620544
1329275738856452096
1298826846319136768
1292680938019667968
1133421223990317056
1223879365680779264
1146037598168596480
1259357593773858816
1142046204278108160
1217298862253080576
2866867036
1320734663283933184
1237669634951614464
1228322204099592192
1207007316941262848
1136310076908683264
1244825673950060544
1131487180436647936
1193017054162341888
1032483811127226368
1139277211091947520
1291702178776719360
1277801423149780992
1263392763845816320
1231101172326354944
1282575304767111168
1287371584378789888
887395285529276416
1274634395270262784
1118682765384245248
1153930644709236736
1334462270848397312
1250597374562414592
1031931916092551168
1134850887912833024
1054750951548964864
1252145300929605632
1263473789771317248
1217658742117810176
1217290623381688320
1167822773982351360
1293182466748891136
1264205603188035584
1309081814334689280
1183068582030135296
1318189463273500672
1290240219124441088
1294885199054962688
1142099248919433216
1246353078099443712
750582280830279680
898487063925805056
1101782793628004352
1233757393739116544
1291287072276279296
1729083487
1174776443290570752
1050038966303387648
1082619726738538496
861497056648736768
3075233808
1291726063681249280
1296452630483365888
1214428245669474304
877511778820698112
1264796487432777728
2823247751
807151835312226304
1262031894960472064
1343465088741564416
909468343
1185433194008477696
978584306254733312
1066959071121563648
2775869414
1290136371575664640
1328638302425997312
864715339459813376
174305404
1020210232771907584
1232582992578531328
1341416642035642368
1305005518734241792
1237206624965521408
1340773817661046784
1165331846479020032
1037327219310252032
425785710
1136827124772265984
1330009503098568704
1091247429796544512
1324335569208442880
1212578655097868288
1179791215295754240
1141929423299420160
1009812729622814720
1009770392687390720
1304249008559333376
1326937380050268160
1171620281892257792
1133289225904746496
1169596606682783744
765107852260184064
1167826950100062208
1340991504165208064
1122532676018130944
1223220941448105984
2187996690
601061648
879668405904723968
1116127209134018560
1366757954
1256440899879399424
1264068327061643264
1321665388078272512
1142037240375177216
1188397955444703232
708327026776629248
978476430135721984
1173952939288776704
1137638579511783424
1252967333431296000
1218060733633531904
1343524965363019776
890946212626550784
1009425941033050112
919927472329695232
1297933212048478208
1267674637694984192
1172819995576848384
1038332891304869888
2793331189
1856805523
3012184831
1321484059436929024
1242027018155245568
1142068451487318016
932590497754783744
1079398442336546816
1866701460
940814138615484416
1287622137780400128
1250391221417041920
1294666904313847808
1328709898050228224
1133961730311172096
3280826527
1255915994020601856
1212372087593062400
1270345466572496896
1302613349042012160
1319586744035995648
1342462904121970688
1209474157735378944
1295772626653032448
1043693768229056512
1299005133078974464
1274888242479783936
1006392732502261760
1264460033397411840
1195583284542988288
1103873625176723456
1250764117721247744
1162902314161623040
1254603354594070528
1296000909026025472
1173067214225731584
1334030793006465024
3813222800
1204036201235173376
1009654986207367168
1024313370122412032
1004564687625678848
1332634651303743488
1316589272456024064
1217819625603268608
1271802966823985152
1141253448387579904
1307536807450406912
2679032141
1055457035544711168
2755404417
870910309657042944
1341777714458447872
1160173158873178112
1142713173050400768
1324912509170561024
1126001934060572672
1021760088720138240
61475223
1292489047743565824
1239856894170152960
1267336468449521664
1235827384873435136
1208747279873478656
3959001613
1009787262270181376
752002898154909696
1282924916216455168
1164120423409131520
937708074000728064
944192301957505024
734688167295520768
1137401428203384832
1343516358709932032
990494465335877632
1299304503527702528
1273553765342294016
1254021333169692672
1343473997439070208
1247526972558737408
1027201432422821888
1084778221667663872
982272254221336576
1326804274605510656
1199922455730479104
1256477191195570176
967181748
3183711325
1302954054843273216
1319557108942004224
857489461533450240
785833161645318144
2903563924
990063765096992768
1079431310601478144
327324933
1155271858133983232
856034498227695616
1212325298726789120
1238891446637178880
1127594713505079296
4682741294
1032970326542438400
3626395825
3049399512
1150644639642222592
1282905880485228544
1274674361765527552
1185538731836444672
1271677896734588928
901715551310946304
1006093024521175040
1040435972872302592
993408059325255680
1122953984744931328
1315302007897378816
1338899227619905536
1197416799903588352
1271704376776720384
825229746929823744
1328960898522902528
1104408291705159680
739794683207942144
1188744319923974144
1275310109699137536
1131187247074676736
1287375060089487360
825322675790868480
1089444564807503872
1295999736860643328
1110578456213897216
918426381771456512
1271856114272014336
1213839169421635584
899138912211173376
1174360275237031936
1316955386759446528
4687735592
1042745374631329792
2982852508
1291720438960332800
1152094675009859584
1238411639411466240
1334336546992865280
976823371345272832
1255088460320268288
1136150835442855936
885883664189472768
2924196480
3076469959
1211965427187716096
1120591023002886144
1061504514425937920
3253295323
1255494957122621440
1212330038772690944
2681643877
1337041711713947648
306204513
900392792773369856
1221822524
1189225132276862976
1009489620847874048
803119138000420864
760086280009121792
888065166042046464
1338062607345885184
803842944465780736
1289581354695368704
399142782
906729137032765440
1337087014328557568
1042303811627311104
1129641339056877568
2907407886
1050099035871145984
1221073074109472768
1166314210860646400
1016419796831752192
1263367695312945152
1242453972910100480
144387907
895178738652073984
1123467933257293824
1080133894559526912
1142113871693377536
1186248967480213504
1200340990541717504
909068156605308928
990126845625430016
2944547335
2926715275
1274690821183299584
1248147340478709760
831025117039693824
1296480769439866880
1289847393857527808
1142800102215438336
1164544157580324864
3010762399
893713218647973888
1257888447131340800
1293221829536935936
893032438800175104
1335093529471684608
1233631764599324672
1186274013212897280
1339982504183300096
2245004922
1035834603414609920
1328882766310633472
1182287491203653632
1056208694399066112
987018656906227712
938397693499531264
3189536948
1239216365715636224
1228285862011498496
1142030352736645120
1084295226125017088
1274699635961954304
2496272486
892988291506618368
859052629741010944
1274992059456221184
1326877419446341632
877840279277109248
960104704851132416
1256440322843799552
1118373134837719040
880813936878034944
1212233170231279616
1126292771327725568
848864759491563520
2880604141
884961449864343552
504381900
3118711193
1263410280647671808
1123767878019366912
1259337266104725504
1326560672625250304
1208242244467085312
1122732992919506944
1070957347084763136
1128894900622233600
1279244004396109824
1034316242297839616
1222382601467355136
1292002767066689536
1177624890263760896
1025585536835051520
1299749175098183680
1286097616376221696
977530820654120960
1075020501477580800
745628034477088768
1199884791606198272
1142127482805481472
3431766251
1157305745873891328
1251185688780738560
53323859
615950837
1302556420051595264
1060132710033776640
877170630570852352
1328648838509432832
1050070556639289344
1174610032916254720
1046382624187416576
1081179440430800896
1340959274558603264
1201710123116154880
948054596483563520
1293904166562066432
1338857369174900736
1245746353256329216
3009241676
1147445369942368256
1129741648412286976
1316763760447553536
1141322419744862208
1326558330748194816
1238159231229952000
1302673711422517248
1040803330249773056
1070537095255547904
923161539200372736
1141235757597655040
1178577061377495040
2970824012
838301142568288256
3314565699
3375116067
986888529639686144
858928497552654336
4667036851
1292343805564219392
1277967535858520064
1242125293176799232
1178117508923977728
3318886889
1141981367128866816
1285405215043145728
972464367546466304
1251690777236795392
1274724095087636480
897670358840430592
893161785871613952
1298520047812587520
1085004315188588544
1320973034509881344
1133341107381788672
1284106824757784576
1317380608088182784
949575464917508096
1324604724138573824
1142024535526371328
1299657347069915136
1260567954804137984
1014093807548354560
1158562104091299840
889682913188495360
791941712323092480
1271462878072025088
1052127574388686848
1166365646642302976
438913403
1043741270781255680
155468406
1211988963113615360
1259140080150753280
1284562323366014976
1062756736270880768
1170487752846012416
906760221195767808
304792637
1245170708356857856
1283318258947375104
1155833885558599680
1266023745006661632
859651547059298304
1201124287609835520
1032977072447152128
1180197243774652416
3223405358
1051810356589297664
30857481
984747206358872064
1244292398479368192
1303736355625693184
888800826667479040
879993778940985344
1298613248179109888
1139882371853869056
1229870530464907264
797797771227045888
839777716345909248
1341835683732840448
1167362738814779392
382390198
2842451293
727466918773301248
1160155918136332288
1151900436573478912
1060019029593604096
3154754106
1032561043401142272
1267485517974835200
896247440000524288
3247770601
1172122342366928896
1137637640277069824
823364615778271232
829952403663253504
1215329560268460032
1271651727578562560
1012383330170560512
1302266281052102656
1186586902364704768
1174384604934893568
1306442931587276800
1217401849063579648
820618316943396864
1278944070019104768
704392753447186432
1038646636489007104
1244997851874078720
1092743539685900288
1256141656841166848
3693890473
1126906001737707520
1060488941655080960
1327604818974633984
905270541480853504
768486304933900288
974192634867548160
942908021901967360
147223992
1179228421169172480
1187024037588815872
805458255250132992
1030455334286966784
1257124465973985280
1071710565997793280
954905797380644864
1221418042493526016
1143887292030865408
1274725035278602240
1290972119333888000
1168795593675640832
1178212911317053440
929303930730831872
1137366748229824512
1342698347623112704
1332279239136083968
1307575055803650048
1314942492060479488
1205838146270715904
3771981192
1343538195816882176
2983743344
2226041774
896963243360440320
1046755838520569856
1318886593273294848
1079296282504552448
1009754863658340352
938031445372690432
1141736190158069760
1134138600893759488
1288816424761229312
1323340984646733824
1182288840234373120
1214526417209192448
1043522756891930624
224986763
899103591478067200
1130715542271037440
710070414
891361131180064768
1333724686794964992
1211679415848955904
808885332770955264
468400192
1198917591110053888
1324278903108558848
1259873198180630528
959811284790210560
1311567872724926464
1200344155458654208
988597816091017216
918072239588753408
886955328952188928
3010294388
1141895698314485760
1011638786323697664
1278945299147481088
1227905910707650560
1009856825695432704
1255481927727005696
880448004355833856
1291597333554110464
1130108995732041728
877547486201729024
461033768
1273849222966763520
1073996357931655168
930807694885187584
1043690059474432000
1293455987295182848
1273826739005714432
1272212007811346432
1291362497815961600
864678507120439296
1177592506155847680
1320644285239185408
902890525694377984
3370907037
1297909292742270976
1311974285611679744
1249758628745117696
1209110918082129920
1043533238768005120
588072936
1272004852638298112
1141321821607743488
1251897186125664256
964175246986174464
1342750249228455936
1334081586489298944
739622886768562176
1140865653907156992
849503561620869120
1055657213794996224
1118321548924870656
1255843831662051328
913733422341746688
1052580566292287488
1340695993386323968
3323353183
2205489122
1056207787993124864
1240179899714785280
1229994896045400064
1650659863
940226449801228288
1303505541252014080
1249873690273017856
1202188697690492928
1271474556914380800
898734248626188288
1203308004944175104
3437983929
735887858158817280
1009767903200071680
818483513024479232
1283761196634533888
1108958677115924480
1265916771699228672
1038794116174249984
1225071381244567552
1284866774253502464
3616356552
1291628427863183360
1319176204839047168
1190164874657034240
1341781366136995840
1063424301775245312
877437523496058880
1269815942294487040
1069346367003254784
1122851839974633472
895979534226382848
2351567060
1236609926547435520
1062873521544585216
1114950102164987904
1289871800499761152
1145956827403673600
949589430670581760
1278932635268440064
1032632056428122112
1132848235519733760
1250087664096862208
1310487174597361664
1036552901764603904
1177434619391528960
3013113122
1300251298491543552
879324160178114560
1308081692108750848
1272735744822411264
1335867839282958336
738603576293875712
1217146762835550208
1299349419674882048
1017954235181293568
933503784533229568
1296640373922467840
3196028983
989869766599852032
1190248666738524160
1206258648504262656
1306051305111040000
1293439102541393920
1176520004298084352
1331604379665743872
1221474173203013632
909408473556930560
1239045223537192960
2256664812
1206246886946066432
1178308503657566208
1661567719
1269155829321613312
1306309051962269696
1269110141426692096
978316128186335232
4302586933
1199344153131274240
1337404673033048064
1274957914155790336
1283752937844428800
1130433941456867328
1156062352363544576
1297830221786124288
1319129662786834432
2299722114
1263698150122012672
831895513943404544
877469307529244672
1327850141840097280
1087012029326487552
898489475784859648
1040986364269883392
1285134346626760704
1269295960338792448
1326384505402355712
1090082011593637888
3362572258
1173918096907624448
1168001217563283456
1273868328369446912
1158046209178628096
1205196807296430080
1340549532220702720
1236106151034380288
1071410007864827904
1138481419053723648
4177752738
897671107494400000
1342747772810719232
818477022984962048
1078590752224030720
1072339365282508800
1298281530993725440
750319876149907456
737542829375787008
1027739322936483840
1071406151621730304
1336201407951618048
1034817445687488512
1288868433749143552
1126037498306498560
1245969610970554368
1271795962134970368
1291638170740613120
830709484242796544
737082485591396352
1287788312552333312
983007114141417472
1124576879875219456
1290691343258279936
4529371160
2927239488
1193144366509912064
1273564375530364928
1222603509037592576
1142121067558797312
1061439459764260864
1180489690153021440
791513975523454976
1259067685351985152
1239456979384324096
1043788884151169024
1273446276680413184
1211436214475051008
903818046732607488
1273354931022381056
1293565313213063168
885003445765378048
1289576956967542784
3307506344
1174666424393945088
1043762841008791552
884762888832917504
1335964766787883008
1305028436235137024
1261906457987080192
901651937338130432
922866352628682752
1194593199781638144
544756436
1258401632456331264
1171844085939720192
839349959057108992
1241257574705451008
867661156714000384
1303765859056271360
1336360041096495104
1237744702394232832
1002860306853388288
1302177991166816256
2850817602
1300648495901220864
1338161229773242368
1266980801847218176
1104311065154854912
1248934725722370048
1340587921192099840
1328299936031510528
1273444236906528768
1162275192971788288
1089026240281960448
877358417341407232
952545095869390848
1119137727968972800
1281979804498178048
4450632390
1310260991230263296
1311276225734701056
1227786101923803136
1291629796649103360
1148229277709586432
1139562517934403584
1292741741536108544
1140856271379341312
1118069075530272768
1173838146590535680
1043743385440243712
1134005882772119552
1274948712406503424
1033633346050383872
1302783859574976512
1314603044139540480
2853811285
1034816135676317696
1343453205909315584
3357504898
1339619256460222464
1071596355582222336
1271775712781819904
1211934011913691136
1174314417338507264
768714456176013312
1275351139832061952
1142823461682733056
1242822643666931712
1278660337999335424
2775555786
1282306767611809792
1271758109849997312
1177393155701788672
1273454419737108480
1328209502420619264
1197921399207129088
845198878139826176
772688036526120960
1001288685520797696
1243174085036609536
1136123973098397696
896286368665444352
1071737755929993216
1231930912587124736
898181130322534400
903862775407042560
1324514381661564928
1221747626502049792
806043364261040128
1324319980842745856
1155741481010810880
1103724974022389760
1256137539930525696
892255495234375680
1276435135882162176
1133584319480442880
1084460103233953792
822652978368811008
1063720249407619072
985155273504391168
1141983623874170880
1009759871737126912
1103978534400274432
1164212008935276544
1304796986445504512
1252139522030092288
1141878295815811072
1148606191318126592
1180757305987457024
991575792000757760
1187417397780602880
1341693484793647104
1139066835079327744
764843223978094592
1124358825174228992
3701735354
1275049699611832320
3307153897
2218215972
1263468528545533952
1276362395653271552
1179335426152095744
1273282548399923200
1142826960936001536
773100266186878976
2952554812
1286850188808577024
1327527972069208064
1255505371407548416
1255221395468038144
1036516560565760000
1178340371371188224
896732107845779456
1081570222400663552
4915960573
1080800582925836288
1279022155133411328
947108766167601152
1034439563882754048
1136612426558967808
1212259627200438272
1070531048566534144
838999782395899904
1199872850326241280
1263476694238875648
1168592430427340800
1274900082232451072
833912168215085056
1141926827801190400
1274705563264282624
3170254560
2563396478
1325772838209384448
1088602504261038080
995785454040498176
877500085180932096
1330511339043786752
1295977269245038592
1081163877729980416
1265652672222261248
1219298798712717312
1237071331247546368
1244124910152069120
1068442289817628672
810820242515562496
1086846250777862144
1107474447055745024
1321008353045147648
1045999493022285824
1194620320184848384
1288809671348740096
1119284625115795456
1197334747933863936
3294978421
1208743730607312896
1108944218746032128
882982565371457536
1309104614902554624
1256108597118857216
1256414345199865856
998081056841515008
1112393521699291136
1221382302015471616
1246785620648681472
1311207695370711040
1294953065519312896
1307927736199987200
1010044782456946688
1077271291500081152
1140937204006449152
2975994175
1043493673206349824
893705093438197760
1326783367787016192
1141365047878230016
1310920672982441984
1018234540563709952
1143832856814161920
544144973
1070984934062354432
1261570263050682368
1850823050
1257510666795024384
1295596234736979968
1013480875416154112
1028291020264333312
703933752733523968
875270723933057024
1294490933321330688
1172794035544526848
1299920107171446784
936925325342097408
1340724039262773248
416027167
1112983899125145600
1219936154104909824
1224030444712148992
732617646403772416
814684974964207616
1327587369206222848
929422091237056512
1336856173278949376
1312372672781713408
1295630402808418304
911864642288345088
1293463741795831808
1115889643348738048
1109813868514013184
1314944945661325312
1211278846776885248
299483083
1296093417286508544
2235796651
962225849859624960
1093218419372056576
1175756220621193216
1185226944465391616
877104006421663744
1193173896347865088
993424687454539776
787113835207483392
1274002317369475072
983782492090941440
1341805257853083648
1227254811910758400
832063901340729344
1306270719248986112
1343459134075650048
1156585158100889600
1142077305956786176
1289467900076494848
1265956651799961600
1073999835467001856
2887375578
898582119353417728
827354277576183808
828736639178518528
800252397322801152
895666673658638336
1143906712874708992
1195524566237319168
1032265600964251648
1170555041284947968
1152090859904458752
730360382506733568
1181908665978122240
1238451697313140736
1175590137444458496
1128507437307187200
1342360603533316096
1139408516307832832
1289105972812685312
1049699490234478592
1142018815594643456
1166308364206239744
1142048476621991936
1330570641012006912
898934148827496448
982121616015425536
1236351859348004864
1071382209267810304
2928764814
791989381888344064
1297204494153871360
1327872809159196672
1128188050285064192
1180806195260452864
1327111456987312128
1063418695123267584
1146074861954981888
1274722328669114368
993757791822139392
3315704860
1301188367112187904
1290946873537073152
1870578836
1252129474100912128
1081164032105603072
1246302124297736192
726626400522788864
1267490104878051328
1082184075769667584
809596657264459776
789789763834216448
877383001105063936
841545019240697856
827551003205476352
995149811312570368
989021969231183872
1200605671290310656
1172736021756166144
1238512732736901120
816868532239466496
1231449077675507712
1292299519368060928
1110517744720449536
1306086680131072000
1058969843636924416
2342557208
1153650141720506368
2260996016
1156241389295939584
929898694672916480
850198076492873728
1343467116565942272
890701488
838088019336908800
1337569393560043520
929196470032523264
1274742420400271360
1039549208364085248
726385517663801344
777216828246401024
728063722946760704
1228949570534567936
1178200005166788608
1126404807068012544
1198599466778951680
1294869118273744896
1194700389632724992
1101347528736333824
1062641638307094528
933902234953191424
1141515984986988544
3187286864
1143402807753449472
2572303269
1136910357044158464
1322447022008360960
4536279459
1920232562
1058289797687664640
1099635829138321408
858356730878713856
1312610523796566016
989793703983177728
1227876244592586752
1079222242783911936
890913089415028736
4661914332
877627689271570432
1009773452507561984
1146425322423799808
1174681891817107456
932811310399492096
1160460177440555008
1181225260072329216
1334153798806163456
1135045411431899136
1010167391282577408
1226891657540325376
1327175988166369280
1064053347164930048
880294513960288256
1893108271
1164778313186861056
870485087183175680
836561110174167040
934425293455888384
992789696085307392
1142005481273085952
1289084404980097024
1056909819829866496
1210878451059609600
1003947058485608448
1302686225904533504
1168211216088457216
858867877646127104
2852726298
744923132150964224
989497941785165824
1009886129162719232
1250314510449041408
1013005837999267840
3072411914
1199000205359599616
1323274578831974400
1314880810621771776
1154626342375178240
1293190996205789184
1142791980964933632
2868731347
1061888840372228096
1290314367905312768
1141709345836584960
1147542169672044544
928978476517900288
1254765985568972800
1291620275289653248
1174353990756130816
1108955902751567872
874912743056449536
1296650659312197632
1257162536413089792
1141889244694118400
1128533872365326336
1142057887524708352
1240584888652201984
1273248808600821760
1339420005553721344
830639604348903424
1154833063274139648
1306833067227492352
1336374021164650496
248776917
1287070299356160000
1294513546986831872
1237014592749858816
1194632534446837760
878579926517129216
1291313320880816128
1319950766707097600
1079023774538686464
1182322295852785664
2781370997
1311290516428922880
990227517725331456
757512734418141184
1185810475306672128
1163824885732278272
1187205107022061568
1127577252391211008
1186932580349726720
1277829870999883776
1327289825615962112
1303178791
800253884006416384
3294671526
968106769
1239696508301324288
1190062013923246080
718429594265604096
1339418205698211840
1142300580712288256
1268131197839740928
191792290
1310191705677688832
1295399680793169920
2942670930
838348222229790720
904403067637874688
863090316227878912
1241350485514149888
1084860640169287680
1290217634542129152
1288851705610686464
1035933972843311104
947846306088722432
1103993629704564736
2926774350
1079314942077988864
1148203878204133376
1316779128800964608
1141937925963145216
1334063018276098048
1298991016528158720
1155431762576592896
1271843533494734848
1191375611417071616
1253168997438119936
827979232626274304
1312381380467150848
1032986144496119808
855401553473220608
1042077399922421760
1228205781549338624
1060919409974358016
1271441650909417472
1645206571
1167678448653000704
1140165584987910144
4100690834
894774685228867584
932488371603087360
3979824598
732428318289485824
1277115535751168000
1263465666528641024
1279635939296305152
1022407834460413952
1063347889194168320
1292432558823583744
1321479792307232768
1337080451047964672
1339565149141651456
1275262128522293248
1213331018339368960
1069068773842272256
1256162783239913472
3579054912
1167847160412430336
1290875241711824896
1268125297611857920
271806804
4880093805
1059079354729193472
748074002212478976
3259849364
1032456772001312768
1580496248
1053315850264993792
1159417620564590592
1130348782065819648
1054659657283776512
3438082024
101679940
1056434755934150656
1275065928124751872
1118039688932024320
872979379785154560
1223499241324269568
1284116951069941760
1155701478171918336
878677259212730368
1299714100541308928
1302882687623942144
1286231009416159232
1263667140885803008
1294326994230861824
1087215549703020544
1457159276
1333743014879977472
1014186437502070784
743355457356455936
1060768700544892928
1077514358236733440
1064902032782323712
1009828696436293632
1265846378153906176
1044615125070622720
895867941119442944
736249256416182272
1205910666743169024
2895637387
1171619202798518272
1231155379809050624
2926407168
4358622494
1228941906962370560
1162976654941011968
1290872034046574592
995229505571536896
923423064389427200
1302593795964370944
1293182722664325120
1311924802618187776
4644062112
877507612958273536
877541046510473216
1129274047731081216
2958667364
1067750788229779456
1189181169813770240
1044161880367878144
1095666247528701952
1327260766349758464
992615333339975680
1274771115865407488
1056388966142828544
738407893
1272801998996336640
1151494774236405760
1287425533286838272
1245801006551580672
3310269314
1101088394212331520
1274643649666486272
1316715937647607808
1068861416952590336
4192863365
993638847517868032
894456444757528576
1316994331404759040
1167641079115436032
1179319592428216320
2942338839
2725271801
1082967965258006528
1260603621084852224
1336951663341363200
877798012302626816
1183340110730813440
923915692948066304
1281594474934571008
1281963173709406208
1193896259850883072
1057312349806186496
1313090997832749056
927211366095708160
1133324557585141760
1292001872321171456
1180510084213788672
1205108924791193600
1290222084329574400
1299337488930988032
1018386869397045248
1078179582061101056
806805334941544448
941992444588994560
928573944650596352
909336672986267648
933204222144679936
1142034028582670336
1205479446217543680
1061216022558986240
1265345723341524992
1258534195774685184
1271693434504515584
877527248005349376
3276138260
1582521522
909060006905106432
1046360099097202688
803244124791046144
1255042413648769024
1147205683093180416
1261946621832712192
800000611345235968
1108619157048692736
1274735867291025408
1067347235615043584
1283653251154341888
855668655232655360
1309021362292428800
1296345272608387072
1181495308699623424
1023154371306110976
1169527479721086976
3793814172
1106110179114782720
1004211796658417664
1695495534
874210714298204160
1322918660277592064
1342916415884423168
4416299179
1085832097791528960
1036540178872115200
1120975937540063232
2893417586
1283077107845705728
4215680733
870158735167107072
2757933561
1211298892781768704
575896852
1289818738020114432
889426293493714944
847352991287869440
1168165688646569984
1159140189144436736
3594399613
2903286974
1337382431771410432
1142043523492900864
1308007329477152768
1208760854306385920
1306071756201836544
767689811226300416
877072709829574656
971409672585412608
1322828135558082560
875322151871565824
967401540808949760
1276912580640923648
1272213094295498752
1271792876771405824
1102886590257324032
1332226413798199296
772349498529947648
1218076281629110272
1331117787448713216
1314999707215818752
1109356571463581696
1216866208848343040
1188819943459962880
814684980
1292052090798440448
1033263783802630144
916249827381436416
957993419342733312
1334852633123688448
1211803442
1334919209122402304
816636065129889792
1299191365880803328
2822289761
1135571315920855040
1332691870783139840
1204384853820497920
1289255098384670720
1051423219461251072
1332554282726551552
701062791193427968
978156212804988928
1076894943434719232
737257851593183232
1201021652827594752
1213736868342140928
4460327294
851992275290927104
1065111001815638016
1062637130990542848
1338693109346050048
1250763410435747840
3158557816
1312724758048382976
797665618032001024
1333288930683232256
1138805021674360832
1207723911120424960
3751858273
1293255804934471680
1173914059357310976
1260536941365219328
2914547958
916686621503655936
1321451157856772096
1327116236073947136
1324980744100302848
957074803478822912
910137519932502016
1142858541528571904
1082291340254138368
1274694030702440448
1010149973487321088
1226186432307269632
229756719
1060046733365850112
1272443314688544768
1238462343295598592
1002586880364277760
1325052298003841024
1315590526603673600
1319302735657795584
982952233397403648
1075954972838178816
975941601473122304
770597932890370048
2184644276
917695404807876608
786169242135789568
1192046478971297792
1008924909534265344
931899003809161216
1291434472831717376
1138748478673133568
1018210681080827904
957911001998901248
1042804504888979456
1266984154484183040
1329983800806309888
1448842608
1259099955542716416
908979080753590272
1288802574112415744
1181410228320911360
2477140344
1199717087318425600
1299348476174766080
772760840147640320
1227586696344150016
1342690491981172736
1263845545270865920
1245611862089072640
1108609332382318592
1271518742414012416
1179633937754099712
1078011476785405952
172708711
1256155045889900544
1290295734487539712
1141870751428927488
1055396374378762240
1327178653415862272
1291724682664669184
1304355931497537536
812720278677704704
839074039566118912
1295042187047051264
1278357635251593216
1217478126646677504
2939386519
1257976215446654976
827062291929501696
1176157023433457664
1141599620
1322856734306660352
3284458698
1138308060957429760
603868998
843302631409926144
634590218
1269137749199556608
1253953819743903744
919399616486846464
1214549643482128384
724075864644816896
984735655438635008
877531205486297088
1306966818385395712
1275522244601470976
1144834223020183552
1275759832960811008
1212606276812734464
1272127099654946816
1136949776539193344
1042286345597538304
1263349149052723200
1194235975536234496
1293067555104595968
1142296202173566976
1166243617221931008
1143889494824779776
3185804180
3257268967
1305419665431171072
725432895863685120
1066226300510068736
866946048933208064
472453182
782923332001918976
1076678994739658752
1330876951
754280376118325248
1011484061125173248
1062707745965584384
1688282077
1211975480355639296
1134802632520790016
1314803405244620800
1316984090281693184
3165150723
81785892
1196284203811274752
1154089751676243968
1273145173485240320
808724817176313856
1291700164990849024
1949711233
1263162819941265408
1071425844474667008
3306700329
1343244210594480128
902579773511090176
1332629400286793728
812835975604948992
1291226255656796160
415357674
219263136
2776369466
1271793149875085312
840779674393411584
1342846435578892288
1158404912151052288
1129650563673493504
1289935046611218432
1140483168480292864
1193548929146732544
955745348898582528
1194627015443279872
911892830272000000
1221085324677267456
898472339976855552
875757064110219264
1263044322179473408
2934415898
1255901135543599104
3170319404
1303577969063985152
914101768253882368
1043736653590814720
1340494637639761920
1135865837779210240
1342892848673214464
1288005253132980224
1339929932386824192
1288727264029335552
1009976337539272704
854368130373701632
2222750129
1323839847677661184
879384141157892096
825623621934555136
1269639638198546432
1289903120068145152
1287307113631383552
4149549075
332662968
1213405027592572928
2545363579
1256479990520020992
1329787444447698944
1212806925261213696
822044423454216192
2733866228
1315529905363283968
1300740849047756800
1274707308589641728
4396311138
705704771487838208
1181370795412447232
1055770177885728768
1167866780938694656
1009038665828298752
1293174972756578304
1281826545271619584
2293005558
1159376404632391680
904569001925152768
1254684176265043968
871616056623681536
1032846493168717824
476474926
1171033894235168768
1269115579136237568
1331872999222300672
2838874077
1198603061477826560
1258783378272219136
3064490852
1260957149695377408
1319887172938334208
972773047261278208
2476445953
1167667372288663552
1194547094423400448
1275336932763918336
1038108114308882432
1136286856100761600
995897863472168960
1334755249756590080
1294329749922123776
929609626869362688
897482638927118336
915464280857747456
1198676242829959168
1170363890686803968
1284839585504268288
1165273650099998720
1106958262836985856
1136165452181168128
1134005620279980032
1142503229617389568
2158674618
1272411217773031424
1251393072459464704
1209663255020392448
1342847833485897728
4758528182
1148073900158246912
1287341905039233024
476585672
1142043669945434112
1271707213132738560
1327641813105078272
1063788027942658048
1071443490628755456
1167974112532156416
174170993
768601552764284928
340320769
1287314811135508480
1131757266674126848
1057536401972043776
1263831545116332032
1337708503121547264
1113731994569994240
1326497098708049920
745077389487546368
1288036871075852288
1270006712293044224
1132478319113302016
1010338698464919552
1242860907517980672
1164202578726420480
1014893824861073408
1274978531215212544
1232296579467378688
802130935990714368
1343513523121512448
1313436300679151616
850048843546841088
1250441532571668480
1297438448685522944
940224802190639104
1225365503104839680
1292079590131679232
1212058772236951552
3033192613
1291291736631676928
1306539865694060544
1286313532229734400
1218411472893562880
1112333735897108480
1306201472720199680
1088827704781066240
1032978140509814784
1325700455238754304
1061597711248420864
1263103761980907520
1288734331377049600
2481754254
1195939042312871936
1259416188733419520
1226513696572051456
1277188358096089088
87912424
1309829846546014208
1203520979852333056
700944954101624832
1295599909475717120
1330058228315676672
1141276864109010944
1310199890954219520
1282578430542753792
1322065474985857024
1241182906359271424
1302658829272846336
1301255173419876352
4014528494
877511214846300160
1142031138002632704
1006722881542242304
1183221142732992512
1254709570221432832
1017609715285520384
1072059042833489920
1279755251277377536
1256431655486537728
1086331421206007808
1187054927333298176
745602603568893952
1221387345196273664
2644453129
1180413484053360640
1255124338703024128
791867787660500992
335387567
1291935895210221568
1265903385179389952
1165339370
1033247250502246400
1341425162734866432
1274706479069552640
4927758243
1326405710595371008
2786527741
1159860490975113216
875749677328551936
1196826373790191616
1289138892751347712
2439414913
1212207058038034432
988465632583663616
976785342991802368
1333784068136206336
1108607900300111872
891316553777430528
720441216345583616
1151118026793553920
1307609897027076096
1274766548679286784
1078611363491139584
1311086521139617792
1319162431999037440
1058016737319211008
1262794854440022016
1184804115190145024
1340130164806545408
3121292536
1278261345981349888
1212744612999098368
2590848763
888327346616270848
1125038664101195776
1186275204693024768
829725983703957504
1197567706465230848
1286960922288779264
1228251142863245312
2775059165
181575155
1275830271594557440
914375401631133696
1296800375534583808
3175812265
828614877346410496
216694846
805784050128535552
1064475317039960064
882589641362227200
1325104405868208128
2662544425
1141012002149507072
952516829594845184
1204282260490342400
1047068019208392704
1301425053251317760
443856386
1271437727381114880
1339589881975074816
1036126433905541120
739119118457131008
1263291963723268096
989025043161198592
1190157439213031424
1046351633351933952
756031758164865024
1274983809243439104
1343228609096372224
1256064105716187136
1237466480368848896
1274696916119388160
815911248248369152
894376448454123520
1082837184753926144
1287244249860206592
1271680692989149184
1271870394950012928
1254994964548902912
907632885645008896
1306455851595571200
1287436606010359808
1036579683410665472
1274561596799373312
810504744284229632
1255865729678622720
1168205786146754560
1309414066532708352
1270920770437316608
1239090810852790272
1313765821320028160
1012694758395768832
1146668678173171712
1076820613124128768
1032903880571408384
1249664331039379456
1078263541033910272
850723893518192640
1207273325317087232
1333420132983455744
1256257538690932736
1306586065923235840
749759354
1271834890112086016
3502132877
4367333546
1268160071885709312
1292674272805007360
962177443120390144
2545239856
2782136624
1255320936020086784
1324332238121492480
1271807073689284608
3147740076
948298651931107328
1255777131549937664
1140860244408406016
4322819179
4650254340
1198276291826372608
900754693718024192
1278934580137832448
1075321270047191040
1269579135405355008
1227239168008261632
965142526163341312
852710758232104960
1325671072235130880
1145348104045989888
4364521152
1340192779293532160
1292078636829294592
2438215004
1009816487408762880
1197418499129233408
2831924240
888816803140452352
1158274858041536512
4845409880
1335773585697165312
1217324811870846976
783297840520925184
700475156
1259084912646328320
1175395048063549440
3142357214
830292253176328192
1427208612
1210951611549245440
1141374042798211072
1303557952180301824
905438410843840512
1141955322560385024
1056224527124963328
1007956551963852800
3270666414
1134027137214664704
1285770175036321792
1325859678266429440
1262233548565524480
956182941717037056
1291586282695475200
1150348362048143360
715148895391588352
1320013590024183808
1559898258
1253321413479370752
1136612825516797952
1193087689760751616
1004446893861146624
1217292265657270272
1222181680548466688
1304754071836987392
1332929963188658176
873587846917083136
1013700736218099712
915788580454227968
1340126950908522496
952417464230359040
711535488390266880
1333629669816610816
1152222228471152640
1091773266
1235193482727182336
1274710984565895168
1265472110928908288
501700959
1084065888242851840
986473598
1183066670706749440
808218293165117440
837713461580726272
1305345275834241024
1294230137697837056
1180063325603811328
1256103241252667392
1141383308879646720
904749060162064384
1335651975178801152
1310760860369915904
1302327188738338816
806141335337979904
3250900766
759326121494126592
1133433386901499904
1258964143182196736
1293527326823612416
1285447947262365696
1305430967960498176
863613101417132032
610839416
712293751
1158552113036705792
1142054984269176832
1115584868102983680
1445702359
455678027
990921336150110208
895308231538376704
1242755689807671296
1321804794403586048
1067392510870269952
1121530341544480768
1280181518292283392
4323983486
837925384524034048
1290321508871495680
1062702460534308864
1142053676996890624
1136300111993090048
1322538278629765120
1287239281598136320
1203270741917126656
1152519163136446464
895538569338511360
1247806549315051520
1194660043674664960
1340927583039340544
1179968192153702400
1111970167922126848
1004025359707209728
1267762401769852928
1161925977296916480
1060118168037781504
1247783644636168192
817426634093445120
1329886344282206208
894869698495500288
1101096200495804416
1334480963955376128
1310177048871067648
1339433912922112000
1334417311193681920
1242152981530693632
1332679523771379712
1309062137487282176
1187416857021575168
1200381539915194368
1341240484598059008
3256400922
1342819691387969536
799653264694218752
1342852550152732672
1030353044779618304
723585015116783616
270883277
1327832827572805632
758928215872155648
2909706384
1057519825680039936
1009863502440173568
1042005371790012416
1204648004440883200
1194822552222351360
1309548853033676800
1338881397579124736
1269286297866244096
1210910880386306048
159830148
1291742047662030848
1205486104201183232
1340600966631067648
1294536720222846976
1076185849035800576
3238611996
3187407012
1063422673
3231433794
831458803426160640
1271801324162580480
1007482116618063872
1290156045860352000
1193400851945017344
1272043353048141824
1274702282232389632
1293080871038140416
1103282417056415744
3604641313
1274936435204747264
973568548487311360
1017976432604078080
802050315604197376
1196800731510128640
1167815740252012544
1089891608143654912
1134771989103517696
907147488712261632
1612571316
1284110169731788800
322585847
1075029976036995072
703608463314649088
1299213431644381184
1091093735318769664
1009885492475658240
1091295035859992576
1916731843
3077775275
1268844951661473792
3581058672
1147404658110951424
4707618602
1327233073486782464
815599043288121344
1142007050244780032
1150064251945406464
80274630
1160120089485516800
1292349573659160576
1330795322654683136
3251598596
1076511961465028608
838043586130292736
1289819971963383808
1059814622239358976
446188378
1312680315010211840
1230015427603918848
1005813323156209664
1325646653525614592
1118889522832396288
1229644668003966976
1221349064295342080
1138316696660434944
804934018999291904
1099625664578150400
1064908643391303680
895338779816284160
1307648814132555776
1337433051953913856
1142039752629080064
1214763812177494016
3103000352
790568919694213120
1009699209786753024
1246346915987390464
892988577209909248
716602038046461952
1212646752995569664
1294175690296705024
1155462381541085184
879163841849864192
301277422
1341778255460802560
1120470895049486336
1263677779070955520
1177184094825828352
1338511128624689152
1210381834720178176
2792204027
2410737799
859084646008729600
1142505376371240960
2904539064
868442079164104704
1168157539881480192
3244437535
1123283297251905536
1201414548994981888
1338513732377317376
1341728717366677504
1275624743220043776
1227568823412219904
1276037457679548416
1335864149881008128
725209885118324736
2509723214
1027081453379567616
2164319645
1193002567690674176
1141981458627588096
981482941741023232
1024249819982901248
1075774660682354688
1083733022707314688
1202619261509763072
2427475698
1303382813304074240
1343205517674614784
826779523177914368
1336929386453299200
1210881952221319168
1153647321223069696
1207744192715247616
1135881398907129856
3610323924
1143477604705435648
1089396114904702976
1271997099916181504
2592490128
1286150215439773696
1141707249204596736
1053332853700747264
915537631487959040
1326865554108346368
1341596500376227840
1139501196564021248
3625907053
955812370701369344
791671564039229440
1182882882907336704
1306225283570180096
3029589496
917217832663883776
1074284651286487040
1183319683031695360
1302511489002037248
1176167134583377920
1141483070291243008
1293806774726717440
3277564933
1043731129088532480
1304320902666973184
1290888908813643776
1170336475935756288
2584087604
839842803320569856
1189135923990056960
3299172667
1042429439190065152
1332324928201191424
1134883629425815552
1299944613751398400
904728601999708160
838659173579689984
1131101863481233408
1310495874288558080
1118792925142380544
1291207625363738624
876111190983704576
898468494190067712
1266585830627274752
867948280411508736
1009755649733902336
1105389323849883648
1285913617099976704
1291584469808238592
918716251706351616
1010515301539012608
1291702249228398592
1159719149347561472
1158042257989128192
1203905175275982848
1340664144010199040
1324769972745248768
1141510699857764352
962388630273540096
1165218456859340800
3308700650
1253329383105781760
1012717059564716032
4916522605
1146497638272917504
1004283317716336640
985086523795058688
1268898472624664576
941289750702391296
1180860981548703744
1974258853
1306049842683154432
1286597887242076160
1142131839949127680
364914874
1088681269544640512
1011906090328473600
1271709496927125504
1342507403250524160
1299579207379374080
1251194801392771072
860399992313434112
1317089630265647104
1195893569170526208
893722901559484416
1605949094
914009277328646144
898847592188002304
2484024606
220518863
3281971994
1307636624101056512
1295826398603485184
1226808836436066304
1272472544545632256
1041930130506096640
1304721866108497920
1177902605642518528
1326359486374707200
1060811075472347136
1221397724529979392
705667290667192320
1343498547161796608
1064814702906101760
803271426681671680
1293466970096992256
862566251293429760
1202885503864885248
3182724781
2341896180
1237933264737722368
1343398146445955072
1150462207127257088
889016047788990464
996431636936867840
1331144068970147840
1164198394677514240
1043713176632741888
1293111952185503744
1313753597830598656
1256253146130759680
1335614546317209600
1193550965179158528
1137227744356458496
1289048861735096320
1052596433142992896
1134039039634313216
720218348026466304
1339006672069566464
1303983068349263872
1145594740328370176
1180348062914375680
1009371196813529088
1009853504981102592
825242993024118784
1146318969403392000
845981248791064576
740664932
877531861446139904
1620584143
1275276050436481024
1120874784
1286638316331233280
1293205948622712832
866841715025395712
1047549581297217536
997821366433865728
1142063007326859264
1194991599647891456
1330414765479505920
1020244816960147456
840518800210571264
1022738410002235392
1271817353261658112
956034480824901632
1336974902126137344
1040023911751024640
1328753809204494336
1201484024683749376
1187738143983915008
888404961221943296
1313338551744884736
1273226775020089344
1343182860954394624
817384778500632576
747822488189448192
763924833952411648
1151165270678839296
2865146844
1196323589412179968
3244325144
4895982499
1260214719790477312
1322568642576310272
1308293127526998016
1056894990591250432
4213234634
1161590574476144640
1328675155263033344
1294724123067744256
1067250897154072576
811222219091152896
789845739752923136
1306166645665144832
1331924347116654592
721224090284109824
2984269013
1065277349883596800
1217078426185670656
1274731326525095936
1295277670486249472
1228269061865271296
2902829066
4390271893
1141324306162393088
1316191973649260544
1116222119782825984
764277035002765312
999149433890652160
1275319016710475776
2959786705
1141732385551110144
1258671528138375168
1301386570008723456
726048832643977216
896906242710319104
1124711933616091136
1142291887165857792
1071468986217324544
1283630020519321600
1211198551637643264
1060910135390822400
1336999255047737344
939813404000141312
1217454651240402944
1106572300629925888
1264821315996749824
1271784070146449408
1328688229273407488
4270951520
1135930053118705664
936232142
1167051242004086784
1290192059408822272
1271708907027738624
801969502669996032
1341602070969741312
4884558299
2921761982
1285468351704309760
1099588932902244352
1322814023272783872
1062025915117568000
3290065196
1259489501916717056
1007468185971331072
907649733342109696
1064542376968900608
1087687379253522432
1001153590654730240
1231932262553276416
895175175880290304
957212355267448832
1247008011408642048
893795518022729728
1019285339536441344
1306798507748073472
977076460505546752
1193811117526700032
1243441802603941888
1164441712158105600
1278583043393912832
1210783867952488448
2705718082
1066692416160194560
1043842589185650688
4364254573
1292863107849572352
1255488963852275712
1241200243435167744
1211962224958291968
879571986472591360
1336853096941555712
1284089235587256320
3069204296
1052056536045027328
790501930246123520
1273986183169667072
621035732
1072132656412803072
1479064880
1297202280249176064
1236765967901839360
1269926479472676864
1335192235952914432
1229757047241093120
1060861086684000256
3240787451
1182892852172341248
1326882339381678080
1142042130187112448
883743376650117120
1142957861770653696
4812073062
1281451246553927680
1404603336
1280691616798236672
1220307730306457600
1173145373818228736
1251834593600299008
4204267437
860050996948422656
1278980238974652416
1152965051587780608
1293637045500301312
1337277714370240512
1142443651647201280
1055101432393740288
1058568560560103424
1198678377906884608
873941871923429376
1040218468426174464
2838111074
1282986319761874944
1047897262674796544
1191298510131326976
872727178433019904
1052913063983079424
1143067114795720704
1334693780163682304
864924693223964672
1051821711396499456
1255914539167690752
1288469069566341120
1184304236357505024
805904720300806144
2957057006
798132304854061056
1025048479985369088
1141857994465873920
4460148674
1036237726406737920
1262663707399647232
879328849175105536
1053896724916273152
1222567894065659904
1072466241753759744
1291640361484341248
914077804966297600
3147597475
896986058327433216
1302167103143702528
1043832635607273472
1213347360048156672
1114577097798901760
1134661190448234496
1257530217003810816
1327582641634217984
1256472892683857920
1043748834709368832
1128606085059768320
1071345412210999296
1484845142
979266301582393344
1170721849275142144
1341310747918254080
819193545181499392
1335122297057787904
1127140403679858688
903544389909102592
1326824597967134720
1223076407598895104
873159798778322944
1253136413047918592
877489879596154880
1178608043010904064
821565233198206976
1165943227997753344
1003680330
727431196377014272
1217332114158309376
1042306261612548096
1248457524161835008
916329651349475328
1254016280262111232
1154436029622841344
1136461470412050432
1134709587620220928
947381620708859904
3230626363
4763123809
1249929674282520576
982922107750301696
1281874445460598784
1141158540679102464
872049063830593536
1319616397748498432
821199858920996864
1066241591684169728
291120591
1010402618869288960
1336645050395054080
3310146264
1293163671049273344
1168539506737201152
990616054207397888
1142455835487948800
1141612014088753152
1078869690422779904
1271877507122253824
1229806975149494272
1304769002690940928
1066229866310250496
1133303145444982784
1309727593902424064
1293088759043432448
481368696
1223146460516159488
892650329514180608
1254423752135159808
1029740244558651392
1273979632681807872
1210893026693828608
1113881262739976192
1293087259219001344
1113847865447555072
1034029726002638848
1021791154306576384
1073788645339934720
1204007010775126016
1202978739073609728
1153534367941087232
1012554591450251264
1267106305619222528
1239493894506610688
1316777430686654464
1139022535951917056
1142072246808133632
1306797620338147328
1246479500491145216
1333003849465024512
4225274533
888395803177271296
1033243349665234944
1138125537753194496
990832471745822720
1274722849203171328
1275644700570128384
870149726326243328
1071625990256779264
1062755460162306048
828546241084665856
1088395300908101632
1292799836547248128
1009670207965523968
4199863280
3281540336
1075405644134473728
1321370199237353472
854378633208762368
993417405538811904
1274651915524030464
2235553506
1168514048217862144
1272048767164964864
1013812145639735296
1133967096566517760
981899294507544576
3623877013
838262383411871744
877512491856560128
1317165630026440704
1179657769789448192
1221696326527643648
701097761647763456
1236319483544793088
1044746491376558080
1343090443714584576
2344834742
356881163
1042066471751364608
1157750957490315264
1250401707957170176
1095544324237000704
1293713856858972160
1314260434694762496
3638698872
815222102404038656
1030266727
1351527390
1010060726390493184
1212322798623838208
1310801020428009472
784064222976245760
1184480941512654848
1129974591063912448
3183878360
1236472450168180736
316598629
813266295361781760
537222655
1337038966395187200
1247213366948401152
2949484699
1338931876287791104
916584966850363392
2693115032
899145324660277248
1142018086465396736
1130521492985339904
1343140413012467712
898953499114852352
844754999045308416
1157012525222752256
1122808852984942592
1041691936816418816
1339449244390838272
1264585462976376832
1290156222079934464
1149713905251340288
1337605661190881280
2324968304
828609803295522816
1004426388420493312
930979159525941248
292115354
1057670478003757056
1298916009915510784
1151905029780996096
888464396086898688
1198612969598226432
1174261914844762112
1292010312850432000
881863171278950400
1226510698076721152
1216323959651586048
1151837238017159168
1141980644148334592
1254055773547552768
887923693019480064
2275106613
1339132689555701760
1303680822780674048
1002079204471488512
3789944594
566913864
1337029882870566912
1339118247795249152
844801665102331904
1323545959511412736
1124157366394449920
979581917220753408
980731880847826944
3111138794
1189043414974656512
1236847541804617728
1275359891910098944
1293350066657214464
1263171463261024256
1335974718386532352
1229045617378217984
1221976298962243584
889895734870331392
1282148658474102784
1339100274179239936
1274704960433934336
1323571815080325120
1225395333162651648
1062742282057576448
1334479024890937344
786583108632150016
1087540824508850176
1271077011197276160
3459575774
1082262547170881536
1343463508214652928
1280473828372537344
1073995111657132032
1231490803366674432
1667640632
837500940546682880
1016675556530708480
1327083222035959808
2446851642
1033624501815103488
1149349990910713856
1341590705420922880
1196488879517229056
1259775732336570368
1274769932069138432
1341745935789957120
936226587715960832
1073830658139516928
1064823633581826048
1010022005586853888
2918770094
1220028354369163264
2726523102
3170664572
733331989986574336
1133313277528698880
981162581527117824
3011957766
1290224494154584064
911121296091619328
1007503167590842368
1180468593600778240
1255415417167904768
1251200850023682048
1237281022879748096
1135422361505714176
1207356427032940544
3306396280
1274558202840076288
4611169873
1104359419507171328
974541296214814720
1287292660558917632
1168181542545285120
974658038
1266256553734057984
1229085799771234304
1318828136415424512
2288363256
1321376124530618368
2874919051
1132298609951567872
876273508178735104
1247565222396616704
898463529191079936
1046270435032088576
910167581964738560
1271788331714502656
894304931909214208
1281723329578033152
1266777832228900864
1340184004411080704
1341663827356598272
1082154719814930432
3081241121
126247327
1336276020182331392
1139903946518962176
1420782379
1084352825667321856
802785432068993024
918534670555287552
1238484156788527104
1269286552586371072
1271653838064254976
1260071676982804480
1271690432335020032
1183917691830095872
1336204649989165056
1041658721573564416
885814947548086272
725556873970196480
3253506943
950007622274506752
1252192589056315392
296328294
1138074336525410304
1319335096478961664
725981170236809216
877599052384174080
2166189407
1332603274067812352
1247492265318027264
1183715884029792256
1142042556840075264
747139855
884027530809704448
822302748712386560
1194623520367501312
1009783024714563584
1271479262298599424
1339609133587132416
1271795394888888320
833984027489087488
3992419332
1300318199477542912
788560841134206976
1213817448345915392
1124255571073425408
1292460976587984896
1328988307594702848
1302528994542190592
1274580433427206144
1054983956603510784
1009286039909773312
3109955946
944581213498437632
1123043148303749120
1074223886
1241688441932230656
1279041198737387520
1210899891485958144
728411689029406720
1323912211446829056
1001764531436113920
1195126837086605312
1925917272
803984564423196672
1323979524921528320
1341973230748221440
1315493225960935424
1032104751926632448
953479940183244800
1143797475108503552
875915847641907200
927116800126365696
1256201030590554112
784208511387316224
1290983100999073792
577913314
1178368811252105216
751088271992709120
1313361315499405312
4565563587
1130138883885215744
2667384873
1327073449626333184
1309126237286289408
1221099340439150592
1273518062818324480
1529921161
1255768704681259008
1071778346202128384
1326868390661693440
1208801911102562304
136951250
1053133559429398528
1179753585136922624
1260046075588743168
1206807652308676608
1151114194630012928
1298434379971063808
872456138440065024
915934270056570880
2356563740
1286957503092162560
3503361498
1237027616562900992
1340562399716229120
1329641360509419520
1297056328716677120
1256167199196078080
1133579960793255936
793740241681068032
1332642053725900800
1334128056429023232
1234312432849309696
1335445797941342208
1131808808487927808
897051566074609664
1087031611500113920
2428812519
1113115555446251520
859016409174749184
884409112913625088
142570895
3013859652
517478787
1337261300699648000
717067831938973696
1188070885015441408
